2 0.51171875 0.16953125 0.03125 0.02265625
2 0.578125 0.140625 0.0359375 0.02734375
2 0.5890625 0.19921875 0.0296875 0.02265625
2 0.65390625 0.16171875 0.02265625 0.0171875
2 0.69375 0.1765625 0.0203125 0.02109375
2 0.72734375 0.18828125 0.025 0.02890625
2 0.7484375 0.1609375 0.02421875 0.02421875
2 0.7765625 0.16796875 0.0296875 0.02265625
2 0.8140625 0.19140625 0.0265625 0.0265625
2 0.82421875 0.14609375 0.01953125 0.02265625
2 0.859375 0.178125 0.02734375 0.02421875
2 0.915625 0.1578125 0.03046875 0.01484375
2 0.946875 0.171875 0.0265625 0.02734375
2 0.8953125 0.19375 0.0296875 0.034375
2 0.9859375 0.19375 0.01875 0.034375
4 0.5109375 0.3015625 0.0734375 0.21171875
4 0.5921875 0.30703125 0.05546875 0.17578125
4 0.659375 0.28828125 0.0421875 0.2046875
4 0.734375 0.2984375 0.0546875 0.17421875
4 0.81953125 0.31796875 0.0453125 0.19453125
4 0.90078125 0.31171875 0.06328125 0.2078125
4 0.9765625 0.31328125 0.046875 0.20078125
4 0.8515625 0.25625 0.0390625 0.09375
4 0.6953125 0.721875 0.24609375 0.55625
4 0.94375 0.7109375 0.109375 0.5703125
