2 0.23828125 0.4453125 0.11328125 0.1015625
2 0.29296875 0.60859375 0.1015625 0.06328125
2 0.29765625 0.7046875 0.1109375 0.0609375
2 0.29140625 0.9296875 0.09453125 0.0890625
2 0.6125 0.7453125 0.11171875 0.1421875
2 0.62890625 0.58125 0.1328125 0.1421875
2 0.60703125 0.9265625 0.11640625 0.14609375
2 0.7125 0.3234375 0.17109375 0.090625
2 0.725 0.42109375 0.13203125 0.0953125
2 0.85859375 0.259375 0.1234375 0.07734375
2 0.9546875 0.390625 0.08984375 0.096875
2 0.95546875 0.64921875 0.0890625 0.1453125
2 0.8609375 0.08671875 0.1125 0.0859375
2 0.6859375 0.040625 0.11796875 0.07734375
4 0.5140625 0.21953125 0.1765625 0.29765625
4 0.8046875 0.228125 0.0984375 0.15859375
4 0.84296875 0.37421875 0.08828125 0.13515625
4 0.434375 0.58125 0.17734375 0.28984375
4 0.78125 0.59375 0.13671875 0.22109375
4 0.94609375 0.49765625 0.1078125 0.1609375
4 0.94609375 0.746875 0.1078125 0.178125
4 0.78125 0.7046875 0.140625 0.23984375
