2 0.03984375 0.084375 0.07578125 0.13359375
2 0.334375 0.2765625 0.0625 0.090625
2 0.465625 0.32421875 0.071875 0.0734375
2 0.66328125 0.29296875 0.10390625 0.1078125
2 0.09765625 0.76171875 0.0390625 0.05703125
2 0.2171875 0.78671875 0.0359375 0.04453125
2 0.253125 0.8171875 0.025 0.0359375
2 0.29296875 0.83671875 0.0390625 0.04765625
2 0.57265625 0.87734375 0.04765625 0.028125
2 0.78125 0.73515625 0.065625 0.04375
4 0.02265625 0.38125 0.0375 0.43359375
4 0.15390625 0.41796875 0.10078125 0.34375
4 0.31171875 0.44921875 0.13125 0.28125
4 0.4671875 0.47265625 0.11796875 0.234375
4 0.59375 0.4390625 0.0984375 0.28359375
4 0.68515625 0.45625 0.13359375 0.23984375
4 0.0875 0.8859375 0.084375 0.228125
4 0.20390625 0.90703125 0.0640625 0.184375
4 0.24609375 0.8984375 0.078125 0.203125
4 0.3125 0.921875 0.121875 0.1359375
4 0.5703125 0.9328125 0.1046875 0.09921875
4 0.90546875 0.8796875 0.1265625 0.23984375
