2 0.159375 0.3890625 0.1 0.078125
2 0.39296875 0.396875 0.059375 0.046875
2 0.240625 0.44140625 0.02421875 0.0453125
2 0.4625 0.41640625 0.0578125 0.04765625
2 0.6109375 0.43125 0.06171875 0.06171875
2 0.6984375 0.45390625 0.04921875 0.04453125
2 0.69609375 0.4546875 0.0484375 0.05625
2 0.77265625 0.453125 0.0609375 0.02734375
2 0.8421875 0.440625 0.1140625 0.06484375
2 0.9734375 0.521875 0.03671875 0.03046875
4 0.15390625 0.72109375 0.1671875 0.54375
4 0.2484375 0.7125 0.1125 0.45859375
4 0.38359375 0.728125 0.11875 0.52109375
4 0.48046875 0.721875 0.1328125 0.50546875
4 0.6046875 0.71953125 0.13125 0.54375
4 0.6921875 0.71171875 0.0875 0.5765625
4 0.84140625 0.74140625 0.153125 0.51328125
4 0.9671875 0.659375 0.0515625 0.3140625
