4 0.07265625 0.22421875 0.1296875 0.33515625
2 0.5515625 0.1875 0.04375 0.0375
2 0.6328125 0.215625 0.02734375 0.046875
2 0.609375 0.15859375 0.034375 0.04765625
2 0.4796875 0.1953125 0.04921875 0.04609375
2 0.434375 0.16640625 0.0125 0.04765625
2 0.67421875 0.20546875 0.0203125 0.0421875
2 0.71015625 0.1828125 0.02578125 0.03671875
2 0.70859375 0.2390625 0.0265625 0.03984375
2 0.78203125 0.19140625 0.040625 0.0578125
2 0.7796875 0.2453125 0.04375 0.059375
2 0.8203125 0.24609375 0.01171875 0.0421875
2 0.8625 0.23046875 0.0421875 0.0421875
2 0.87734375 0.275 0.0515625 0.04609375
2 0.93125 0.25859375 0.0421875 0.0359375
2 0.9734375 0.26953125 0.025 0.05078125
2 0.5734375 0.559375 0.1203125 0.1296875
2 0.13359375 0.48046875 0.04453125 0.0578125
2 0.2484375 0.44375 0.05546875 0.0828125
4 0.4765625 0.2984375 0.065625 0.196875
4 0.5390625 0.309375 0.0515625 0.2
4 0.6140625 0.31875 0.059375 0.16484375
4 0.6921875 0.3140625 0.0765625 0.15
4 0.77421875 0.33125 0.0640625 0.12734375
4 0.8578125 0.340625 0.05546875 0.121875
4 0.921875 0.33671875 0.0625 0.12578125
4 0.95390625 0.33046875 0.0875 0.14140625
4 0.76328125 0.24609375 0.06953125 0.0609375
4 0.5875 0.80234375 0.19375 0.31875
4 0.2078125 0.7546875 0.103125 0.4578125
4 0.0796875 0.72265625 0.07734375 0.41328125
