6 0.30859375 0.084375 0.334375 0.07421875
6 0.6640625 0.14140625 0.2796875 0.0953125
6 0.34921875 0.22734375 0.2796875 0.08671875
6 0.109375 0.17890625 0.20234375 0.08984375
6 0.1109375 0.3125 0.20390625 0.090625
6 0.33828125 0.3515625 0.25625 0.121875
6 0.66171875 0.25859375 0.29375 0.10546875
6 0.92421875 0.23203125 0.1515625 0.11015625
6 0.1203125 0.434375 0.21484375 0.0828125
6 0.34921875 0.496875 0.23828125 0.09921875
6 0.1125 0.57421875 0.221875 0.13125
6 0.34296875 0.63671875 0.23125 0.06640625
6 0.08984375 0.68046875 0.1796875 0.08828125
6 0.078125 0.7953125 0.1515625 0.08359375
6 0.34453125 0.815625 0.321875 0.0984375
6 0.321875 0.9265625 0.2921875 0.075
6 0.61875 0.67265625 0.2109375 0.08671875
6 0.6734375 0.5359375 0.2796875 0.06171875
6 0.6515625 0.37265625 0.27578125 0.09609375
6 0.91875 0.47578125 0.1625 0.09765625
6 0.6390625 0.453125 0.26171875 0.0703125
6 0.93203125 0.23046875 0.13515625 0.078125
6 0.92265625 0.35625 0.1546875 0.084375
6 0.9359375 0.6125 0.128125 0.10703125
6 0.775 0.6734375 0.16328125 0.1203125
6 0.64296875 0.79375 0.27578125 0.0984375
6 0.68984375 0.8953125 0.3796875 0.11953125
6 0.91953125 0.82734375 0.15703125 0.11171875
