2 0.6359375 0.7734375 0.04296875 0.0328125
2 0.7109375 0.76484375 0.0296875 0.01484375
2 0.81484375 0.75 0.02109375 0.03828125
2 0.8453125 0.765625 0.0359375 0.0453125
2 0.92421875 0.7640625 0.0234375 0.0375
2 0.5484375 0.790625 0.03203125 0.03046875
2 0.5078125 0.7546875 0.028125 0.025
2 0.47578125 0.7765625 0.04296875 0.03515625
4 0.64765625 0.8765625 0.0953125 0.246875
4 0.7234375 0.87734375 0.05 0.2453125
4 0.86171875 0.87734375 0.0703125 0.2203125
4 0.92265625 0.85703125 0.05390625 0.22109375
4 0.56171875 0.89375 0.04453125 0.203125
4 0.48671875 0.8859375 0.08828125 0.22109375
