2 0.7484375 0.62578125 0.03984375 0.059375
2 0.7421875 0.5671875 0.02734375 0.04296875
2 0.66171875 0.634375 0.0265625 0.03359375
2 0.7015625 0.5984375 0.015625 0.0203125
2 0.6265625 0.646875 0.01875 0.01484375
2 0.8421875 0.63125 0.0203125 0.025
2 0.884375 0.60703125 0.03046875 0.0265625
2 0.803125 0.6484375 0.0140625 0.02109375
2 0.94921875 0.61953125 0.01640625 0.0265625
2 0.99296875 0.6203125 0.0140625 0.01953125
4 0.6765625 0.7859375 0.07421875 0.32578125
4 0.75625 0.8078125 0.10078125 0.37265625
4 0.8515625 0.75078125 0.05859375 0.25625
4 0.89140625 0.75390625 0.06484375 0.3
4 0.96015625 0.74921875 0.0421875 0.27734375
4 0.634375 0.74375 0.040625 0.20703125
