2 0.0359375 0.47109375 0.03203125 0.03515625
2 0.084375 0.534375 0.028125 0.0390625
2 0.12265625 0.490625 0.0328125 0.03046875
2 0.15390625 0.53125 0.02578125 0.034375
2 0.203125 0.50625 0.034375 0.03671875
2 0.24921875 0.5390625 0.03359375 0.03359375
2 0.28984375 0.52890625 0.0328125 0.0296875
2 0.33046875 0.52109375 0.03984375 0.040625
2 0.33828125 0.5625 0.03203125 0.03359375
2 0.3828125 0.5546875 0.034375 0.0296875
2 0.42421875 0.5328125 0.03125 0.04296875
2 0.425 0.58515625 0.03125 0.0375
2 0.46953125 0.5609375 0.025 0.0390625
2 0.49765625 0.55625 0.025 0.028125
2 0.5140625 0.59609375 0.03984375 0.03515625
2 0.55859375 0.590625 0.0203125 0.03984375
2 0.5984375 0.58046875 0.03359375 0.0359375
4 0.03671875 0.51875 0.03671875 0.11171875
4 0.05390625 0.67890625 0.0734375 0.321875
4 0.0234375 0.83984375 0.00859375 0.0015625
4 0.134375 0.69375 0.08515625 0.35234375
4 0.228125 0.70390625 0.06796875 0.36796875
4 0.31171875 0.73359375 0.1 0.35703125
4 0.39765625 0.759375 0.08203125 0.35390625
4 0.47734375 0.7796875 0.09921875 0.3515625
4 0.46328125 0.6015625 0.02890625 0.08671875
4 0.20390625 0.54765625 0.0546875 0.078125
4 0.11953125 0.52421875 0.0515625 0.084375
4 0.575 0.7796875 0.06171875 0.36640625
