4 0.4453125 0.88125 0.05859375 0.2265625
4 0.2890625 0.88203125 0.0828125 0.2359375
4 0.353125 0.8734375 0.053125 0.24921875
4 0.13125 0.88203125 0.0953125 0.2359375
4 0.2015625 0.8796875 0.04375 0.22734375
4 0.5734375 0.85234375 0.0421875 0.23515625
4 0.02265625 0.89375 0.0453125 0.209375
2 0.1171875 0.73046875 0.03125 0.05390625
2 0.1203125 0.7859375 0.0578125 0.0515625
2 0.1984375 0.7796875 0.025 0.02734375
2 0.021875 0.80234375 0.03125 0.034375
2 0.2921875 0.778125 0.03359375 0.0359375
2 0.3453125 0.76328125 0.0265625 0.02578125
2 0.4421875 0.74609375 0.028125 0.05
2 0.5703125 0.74921875 0.02734375 0.02890625
2 0.4875 0.76171875 0.02890625 0.02265625
