4 0.80546875 0.92578125 0.0796875 0.1484375
4 0.87890625 0.92265625 0.0484375 0.1546875
4 0.95625 0.9140625 0.0671875 0.16953125
4 0.9828125 0.81484375 0.034375 0.0640625
4 0.903125 0.82109375 0.04296875 0.05390625
4 0.82265625 0.84140625 0.05234375 0.07890625
2 0.78984375 0.83828125 0.0328125 0.03359375
2 0.8046875 0.7890625 0.03203125 0.02578125
2 0.8734375 0.83359375 0.03046875 0.0359375
2 0.896875 0.78046875 0.03125 0.03515625
2 0.94296875 0.81171875 0.02734375 0.0359375
2 0.9796875 0.76875 0.0359375 0.03046875
