6 0.21015625 0.2671875 0.146875 0.1265625
6 0.346875 0.1953125 0.18984375 0.11953125
6 0.465625 0.146875 0.09921875 0.17890625
6 0.5875 0.165625 0.0578125 0.2171875
6 0.74375 0.2546875 0.15390625 0.1296875
6 0.80546875 0.39609375 0.3421875 0.11953125
6 0.8390625 0.559375 0.25234375 0.121875
6 0.7390625 0.66171875 0.27109375 0.21328125
6 0.59375 0.765625 0.19921875 0.3125
6 0.4109375 0.7671875 0.1890625 0.38984375
6 0.23828125 0.6984375 0.18359375 0.2828125
6 0.165625 0.55234375 0.33125 0.2140625
6 0.13671875 0.43046875 0.2734375 0.165625
