2 0.5546875 0.24375 0.0703125 0.09296875
2 0.61875 0.21796875 0.0578125 0.08828125
2 0.68828125 0.23671875 0.06015625 0.0703125
2 0.72890625 0.2359375 0.06328125 0.06875
2 0.78203125 0.2671875 0.0484375 0.04609375
2 0.80234375 0.22578125 0.03828125 0.0328125
2 0.83828125 0.24765625 0.03203125 0.0453125
2 0.90078125 0.20703125 0.03203125 0.0421875
2 0.890625 0.265625 0.02734375 0.05
2 0.95625 0.27734375 0.04921875 0.06640625
2 0.98203125 0.2203125 0.02265625 0.040625
4 0.54921875 0.33203125 0.17265625 0.14765625
4 0.6953125 0.3390625 0.1015625 0.17421875
4 0.78046875 0.34453125 0.05703125 0.13828125
4 0.8375 0.33984375 0.0390625 0.14765625
4 0.8859375 0.35234375 0.04921875 0.14140625
4 0.96484375 0.36015625 0.06640625 0.12265625
4 0.909375 0.26328125 0.05625 0.08828125
