4 0.5984375 0.2828125 0.2359375 0.415625
4 0.14453125 0.6890625 0.0859375 0.2296875
4 0.2203125 0.68046875 0.0703125 0.20390625
4 0.36015625 0.67421875 0.06015625 0.21875
4 0.41171875 0.64453125 0.0421875 0.234375
4 0.29375 0.66875 0.071875 0.2234375
4 0.059375 0.703125 0.04140625 0.2578125
4 0.02265625 0.5984375 0.04140625 0.1765625
2 0.13984375 0.5609375 0.0453125 0.0390625
2 0.19140625 0.54921875 0.03515625 0.03515625
2 0.3140625 0.54921875 0.03046875 0.04375
2 0.3421875 0.5546875 0.04375 0.04609375
2 0.41328125 0.54921875 0.02578125 0.05390625
2 0.5671875 0.03125 0.184375 0.053125
