4 0.77109375 0.7109375 0.4578125 0.57734375
4 0.26015625 0.14296875 0.3203125 0.2859375
4 0.09140625 0.740625 0.1015625 0.3328125
4 0.1578125 0.68046875 0.06640625 0.221875
4 0.209375 0.7015625 0.07734375 0.3078125
4 0.30390625 0.6953125 0.0578125 0.2015625
4 0.33046875 0.7765625 0.096875 0.44453125
4 0.3828125 0.69765625 0.0546875 0.0984375
4 0.496875 0.81640625 0.05546875 0.3671875
2 0.12265625 0.625 0.05390625 0.06484375
2 0.1703125 0.61171875 0.0328125 0.05234375
2 0.215625 0.58828125 0.046875 0.05859375
2 0.31640625 0.6265625 0.0390625 0.0375
2 0.334375 0.5953125 0.05625 0.046875
2 0.38515625 0.67421875 0.05234375 0.04765625
