4 0.24375 0.21015625 0.25625 0.4203125
4 0.915625 0.67578125 0.09921875 0.2203125
4 0.9640625 0.64296875 0.07109375 0.18671875
4 0.7625 0.68203125 0.07421875 0.21015625
4 0.83046875 0.6546875 0.08515625 0.08046875
4 0.71015625 0.63046875 0.0671875 0.0984375
4 0.70546875 0.80390625 0.16484375 0.3921875
2 0.64375 0.62421875 0.04765625 0.046875
2 0.6953125 0.615625 0.04296875 0.046875
2 0.7484375 0.6 0.034375 0.025
2 0.9015625 0.59609375 0.04921875 0.04140625
2 0.946875 0.57578125 0.0390625 0.03671875
