2 0.04296875 0.759375 0.07265625 0.084375
2 0.11640625 0.78046875 0.071875 0.08203125
2 0.228125 0.7359375 0.0546875 0.0546875
2 0.390625 0.76484375 0.0765625 0.08203125
2 0.3421875 0.83203125 0.090625 0.1
2 0.55625 0.284375 0.028125 0.0453125
2 0.58828125 0.28671875 0.02421875 0.04140625
2 0.6390625 0.29453125 0.059375 0.05234375
2 0.6984375 0.29609375 0.0390625 0.03203125
2 0.784375 0.2859375 0.0421875 0.0484375
2 0.78125 0.31640625 0.04375 0.0421875
2 0.8296875 0.31484375 0.02578125 0.0390625
2 0.903125 0.309375 0.05234375 0.0375
4 0.55390625 0.38671875 0.03984375 0.27265625
4 0.58828125 0.31328125 0.03359375 0.10234375
4 0.61953125 0.45859375 0.07421875 0.3796875
4 0.6765625 0.4109375 0.05625 0.2796875
4 0.7796875 0.28046875 0.0640625 0.0421875
4 0.765625 0.4640625 0.13046875 0.36015625
4 0.82578125 0.39609375 0.03125 0.18828125
4 0.90390625 0.40625 0.08046875 0.22578125
4 0.22890625 0.85625 0.096875 0.2875
4 0.41015625 0.85390625 0.1109375 0.2921875
4 0.32109375 0.8796875 0.1078125 0.240625
4 0.1171875 0.87109375 0.07890625 0.2578125
4 0.05 0.85625 0.1 0.2875
