4 0.61171875 0.28671875 0.121875 0.490625
4 0.77265625 0.26171875 0.084375 0.4203125
4 0.915625 0.26796875 0.06171875 0.3828125
4 0.71875 0.17421875 0.02734375 0.19140625
4 0.8328125 0.1859375 0.0484375 0.27421875
4 0.46484375 0.2125 0.05078125 0.303125
4 0.50625 0.1890625 0.0453125 0.24921875
2 0.61015625 0.065625 0.05625 0.04921875
2 0.6859375 0.0734375 0.02421875 0.03359375
2 0.4625 0.071875 0.0234375 0.025
2 0.50625 0.090625 0.015625 0.02109375
2 0.76796875 0.07265625 0.028125 0.0390625
2 0.825 0.0640625 0.028125 0.03359375
2 0.91953125 0.0515625 0.0265625 0.03984375
