4 0.7640625 0.253125 0.471875 0.50625
4 0.42734375 0.5828125 0.07265625 0.14140625
4 0.47890625 0.6109375 0.0609375 0.1671875
4 0.446875 0.7203125 0.08125 0.36796875
4 0.34140625 0.64921875 0.07109375 0.275
4 0.284375 0.75390625 0.0640625 0.41171875
4 0.25234375 0.5921875 0.04453125 0.103125
4 0.234375 0.60078125 0.03203125 0.09765625
4 0.19296875 0.70546875 0.05078125 0.33828125
4 0.12890625 0.7296875 0.08828125 0.3953125
4 0.15390625 0.5671875 0.0359375 0.11484375
4 0.10234375 0.5546875 0.0671875 0.1078125
4 0.06015625 0.6828125 0.0359375 0.22109375
4 0.01953125 0.69375 0.0390625 0.26484375
2 0.0234375 0.58203125 0.025 0.02890625
2 0.06328125 0.58359375 0.0203125 0.03671875
2 0.10703125 0.515625 0.06171875 0.03046875
2 0.1203125 0.5640625 0.08515625 0.0859375
2 0.15234375 0.53203125 0.04140625 0.0359375
2 0.19375 0.55859375 0.025 0.04375
2 0.2296875 0.565625 0.0265625 0.03515625
2 0.240625 0.55703125 0.01171875 0.01875
2 0.28203125 0.55 0.046875 0.05390625
2 0.33828125 0.540625 0.0390625 0.04375
2 0.4359375 0.53203125 0.0546875 0.05390625
2 0.42890625 0.553125 0.03125 0.0296875
2 0.47109375 0.53984375 0.0234375 0.0296875
