4 0.3078125 0.7671875 0.07578125 0.14921875
4 0.45078125 0.81484375 0.02578125 0.13203125
4 0.48359375 0.88046875 0.0703125 0.2390625
4 0.51796875 0.7984375 0.04921875 0.13125
4 0.56171875 0.88671875 0.08359375 0.2265625
4 0.578125 0.84609375 0.04453125 0.1234375
4 0.64375 0.86875 0.109375 0.2625
4 0.69921875 0.7984375 0.0375 0.1046875
4 0.73125 0.87734375 0.09375 0.2453125
4 0.81171875 0.84140625 0.0390625 0.25703125
4 0.8796875 0.86171875 0.09921875 0.24921875
4 0.9265625 0.85 0.06796875 0.1984375
2 0.45078125 0.76796875 0.03515625 0.034375
2 0.47734375 0.78046875 0.04921875 0.04609375
2 0.5140625 0.74921875 0.05078125 0.0421875
2 0.53828125 0.77890625 0.0265625 0.03046875
2 0.55390625 0.79453125 0.03984375 0.03828125
2 0.63984375 0.76640625 0.04296875 0.0765625
2 0.68984375 0.759375 0.0265625 0.03984375
2 0.7078125 0.76953125 0.03203125 0.05
2 0.80703125 0.75078125 0.0390625 0.06640625
2 0.85 0.775 0.05234375 0.05703125
2 0.9203125 0.75859375 0.0328125 0.05625
