4 0.0125 0.68125 0.02421875 0.39609375
4 0.03828125 0.52734375 0.04453125 0.159375
4 0.06171875 0.6796875 0.06953125 0.3484375
4 0.1203125 0.5375 0.04921875 0.1359375
4 0.128125 0.69140625 0.08515625 0.38125
4 0.1953125 0.55234375 0.07421875 0.14375
4 0.2328125 0.69609375 0.071875 0.390625
4 0.28828125 0.5671875 0.040625 0.11875
4 0.33046875 0.528125 0.03125 0.06328125
4 0.3140625 0.71875 0.078125 0.37421875
4 0.3765625 0.59140625 0.0484375 0.14609375
4 0.40234375 0.7515625 0.06875 0.36328125
4 0.42421875 0.54375 0.03125 0.0671875
4 0.4609375 0.6703125 0.04296875 0.26875
4 0.4890625 0.76015625 0.0953125 0.35390625
4 0.49375 0.58125 0.04609375 0.084375
4 0.54609375 0.6328125 0.046875 0.1296875
4 0.5625 0.75 0.11171875 0.39609375
4 0.60625 0.82734375 0.05625 0.3453125
2 0.0125 0.51015625 0.02421875 0.05390625
2 0.03828125 0.46640625 0.040625 0.0390625
2 0.0703125 0.521875 0.0375 0.0421875
2 0.115625 0.48046875 0.0296875 0.0625
2 0.15859375 0.5265625 0.05390625 0.05078125
2 0.19921875 0.503125 0.028125 0.040625
2 0.24921875 0.5421875 0.05625 0.025
2 0.290625 0.525 0.02734375 0.0390625
2 0.32734375 0.51171875 0.034375 0.03046875
2 0.34375 0.5578125 0.03125 0.0421875
2 0.37890625 0.553125 0.03515625 0.03828125
2 0.4265625 0.53359375 0.04453125 0.0390625
2 0.4203125 0.5734375 0.04140625 0.02890625
2 0.4609375 0.5515625 0.03828125 0.04765625
2 0.5 0.5546875 0.04921875 0.04140625
2 0.51171875 0.5921875 0.0375 0.0265625
2 0.55703125 0.57890625 0.0390625 0.040625
2 0.59765625 0.5734375 0.0296875 0.0375
