4 0.58046875 0.61875 0.17421875 0.3609375
4 0.6171875 0.6875 0.05234375 0.24921875
4 0.671875 0.79453125 0.103125 0.38125
4 0.4953125 0.35078125 0.13828125 0.28046875
4 0.3671875 0.34140625 0.09140625 0.28359375
4 0.31875 0.27421875 0.11484375 0.29609375
4 0.2046875 0.2734375 0.1421875 0.26484375
4 0.103125 0.3515625 0.0859375 0.21875
4 0.06875 0.5015625 0.096875 0.31796875
4 0.10078125 0.66171875 0.10703125 0.35234375
4 0.2 0.63359375 0.07421875 0.4796875
4 0.2765625 0.67265625 0.115625 0.3796875
4 0.36796875 0.68125 0.14296875 0.4859375
