2 0.5 0.4625 0.07421875 0.06484375
2 0.44375 0.49921875 0.078125 0.053125
2 0.2875 0.5359375 0.0828125 0.0515625
2 0.2046875 0.56953125 0.0734375 0.06875
2 0.04765625 0.565625 0.04453125 0.0484375
2 0.1171875 0.5859375 0.065625 0.04921875
2 0.66875 0.49296875 0.0296875 0.04765625
4 0.6828125 0.72578125 0.1234375 0.42265625
4 0.559375 0.7375 0.1890625 0.525
4 0.4609375 0.73125 0.16796875 0.43359375
4 0.315625 0.77421875 0.14375 0.4515625
4 0.225 0.7890625 0.1375 0.421875
4 0.090625 0.7890625 0.14609375 0.421875
