4 0.678125 0.7734375 0.3484375 0.42421875
2 0.0234375 0.67265625 0.04296875 0.059375
2 0.05625 0.70546875 0.03046875 0.03828125
2 0.109375 0.66484375 0.05859375 0.04375
2 0.184375 0.68828125 0.025 0.04375
2 0.15546875 0.734375 0.0296875 0.0421875
2 0.2171875 0.76796875 0.046875 0.04375
2 0.28515625 0.703125 0.03515625 0.06171875
2 0.32265625 0.74609375 0.0359375 0.05
2 0.3875 0.77421875 0.0328125 0.04375
4 0.053125 0.8359375 0.05546875 0.2140625
4 0.1140625 0.725 0.0484375 0.10546875
4 0.21015625 0.8984375 0.05703125 0.203125
4 0.30859375 0.86796875 0.05078125 0.2625
4 0.38125 0.87421875 0.075 0.2125
