6 0.440625 0.14453125 0.0359375 0.034375
6 0.46484375 0.11328125 0.03515625 0.034375
6 0.49765625 0.1234375 0.03671875 0.03515625
6 0.53359375 0.1609375 0.03984375 0.0390625
6 0.55078125 0.10703125 0.03203125 0.03359375
6 0.5828125 0.14609375 0.0328125 0.03671875
6 0.625 0.16484375 0.0359375 0.0375
6 0.64609375 0.128125 0.0328125 0.03359375
6 0.6796875 0.15 0.03046875 0.0375
6 0.7171875 0.17265625 0.04296875 0.034375
6 0.77265625 0.15234375 0.034375 0.0359375
6 0.815625 0.1921875 0.0421875 0.03515625
6 0.8609375 0.16171875 0.0375 0.03671875
6 0.884375 0.21640625 0.04453125 0.0390625
6 0.95078125 0.171875 0.0453125 0.04140625
6 0.96640625 0.21328125 0.05703125 0.040625
