4 0.525 0.28203125 0.06171875 0.2390625
4 0.621875 0.2953125 0.05625 0.23046875
4 0.7125 0.28984375 0.06171875 0.20390625
4 0.8046875 0.30703125 0.05859375 0.1953125
4 0.88671875 0.325 0.0546875 0.17734375
4 0.95859375 0.31875 0.08125 0.171875
4 0.4328125 0.29609375 0.0609375 0.23203125
4 0.490625 0.19296875 0.0609375 0.1421875
4 0.5765625 0.20078125 0.08515625 0.08828125
4 0.7703125 0.20078125 0.065625 0.10078125
4 0.86171875 0.19921875 0.04609375 0.09765625
4 0.94375 0.203125 0.046875 0.09296875
2 0.43984375 0.15 0.0515625 0.04609375
2 0.4671875 0.1125 0.015625 0.03359375
2 0.546875 0.1078125 0.03125 0.02734375
2 0.53125 0.1546875 0.01875 0.034375
2 0.58359375 0.1484375 0.03828125 0.02734375
2 0.6515625 0.1265625 0.0265625 0.025
2 0.6265625 0.16640625 0.034375 0.03203125
2 0.68125 0.15078125 0.0234375 0.04765625
2 0.7234375 0.1765625 0.040625 0.05546875
2 0.7734375 0.1515625 0.02734375 0.028125
2 0.81640625 0.18671875 0.03125 0.0515625
2 0.95625 0.1671875 0.021875 0.05625
2 0.8890625 0.21640625 0.0359375 0.0453125
2 0.9625 0.2140625 0.040625 0.04375
