2 0.62109375 0.64375 0.0234375 0.0328125
2 0.65546875 0.63984375 0.0390625 0.0296875
2 0.69765625 0.60078125 0.034375 0.0234375
2 0.7421875 0.56796875 0.05234375 0.04765625
2 0.73671875 0.63046875 0.06328125 0.06015625
2 0.80234375 0.646875 0.01953125 0.03046875
2 0.84453125 0.63359375 0.0234375 0.03515625
2 0.8828125 0.60859375 0.0375 0.034375
2 0.9484375 0.6234375 0.0359375 0.0375
2 0.990625 0.61953125 0.01875 0.0296875
4 0.6234375 0.78125 0.025 0.3265625
4 0.67890625 0.7953125 0.07578125 0.3546875
4 0.75390625 0.80703125 0.12421875 0.3859375
4 0.7 0.62421875 0.04765625 0.1015625
4 0.75 0.58359375 0.0546875 0.0734375
4 0.80078125 0.73984375 0.05234375 0.27890625
4 0.8484375 0.7453125 0.07578125 0.31640625
4 0.89453125 0.76015625 0.0703125 0.3546875
4 0.9546875 0.746875 0.053125 0.31875
4 0.98046875 0.73984375 0.0390625 0.3171875
4 0.8046875 0.253125 0.38125 0.50625
