4 0.021875 0.89375 0.0390625 0.21171875
4 0.059375 0.89140625 0.04296875 0.21640625
4 0.09921875 0.81484375 0.05078125 0.24140625
4 0.125 0.87578125 0.08515625 0.24765625
4 0.15625 0.80546875 0.01875 0.16015625
4 0.20390625 0.87890625 0.0578125 0.2421875
4 0.24453125 0.81796875 0.0390625 0.10859375
4 0.29453125 0.87109375 0.1078125 0.2578125
4 0.36484375 0.87265625 0.07265625 0.2546875
4 0.46875 0.8734375 0.15 0.253125
4 0.4328125 0.7921875 0.053125 0.15078125
4 0.503125 0.8609375 0.078125 0.2359375
4 0.559375 0.846875 0.09140625 0.30546875
2 0.0234375 0.80625 0.0328125 0.02734375
2 0.06328125 0.80859375 0.0234375 0.028125
2 0.10859375 0.73359375 0.04296875 0.0296875
2 0.12109375 0.7828125 0.0546875 0.0703125
2 0.15625 0.7546875 0.02265625 0.03203125
2 0.1921875 0.78515625 0.0453125 0.04296875
2 0.24140625 0.78515625 0.03671875 0.0484375
2 0.28671875 0.76875 0.04140625 0.06015625
2 0.3328125 0.7671875 0.05390625 0.04296875
2 0.42734375 0.771875 0.04609375 0.075
2 0.4375 0.74375 0.03984375 0.0453125
2 0.4828125 0.75390625 0.0328125 0.03046875
2 0.5640625 0.75078125 0.05703125 0.03671875
