4 0.0328125 0.5484375 0.034375 0.075
4 0.015625 0.70703125 0.03125 0.2578125
4 0.10703125 0.72421875 0.2140625 0.5515625
4 0.140625 0.54296875 0.040625 0.0953125
4 0.209375 0.6625 0.08359375 0.34765625
4 0.34375 0.6640625 0.09921875 0.36796875
4 0.3625 0.52734375 0.01484375 0.06328125
4 0.41953125 0.64609375 0.07578125 0.31484375
2 0.0875 0.4734375 0.09453125 0.04921875
2 0.0359375 0.5375 0.02734375 0.034375
2 0.140625 0.525 0.03515625 0.0359375
2 0.190625 0.528125 0.0546875 0.05078125
2 0.32734375 0.49921875 0.05234375 0.0390625
2 0.36015625 0.5125 0.028125 0.0390625
2 0.3875 0.50859375 0.02109375 0.0390625
