4 0.32578125 0.75 0.09765625 0.33359375
4 0.396875 0.7625 0.128125 0.340625
4 0.42578125 0.63203125 0.10546875 0.4140625
4 0.471875 0.36484375 0.07265625 0.3046875
4 0.640625 0.27421875 0.1484375 0.4359375
4 0.58828125 0.38203125 0.128125 0.33359375
4 0.64609375 0.61875 0.1171875 0.36953125
4 0.73359375 0.6625 0.0875 0.3984375
4 0.76875 0.2515625 0.11796875 0.36796875
4 0.87890625 0.296875 0.11015625 0.2890625
4 0.9125 0.40859375 0.07890625 0.24453125
4 0.8828125 0.50390625 0.0640625 0.2421875
4 0.7890625 0.53359375 0.10859375 0.35546875
