4 0.35234375 0.37109375 0.13828125 0.284375
4 0.4671875 0.38515625 0.13515625 0.384375
4 0.55625 0.61171875 0.07265625 0.46328125
4 0.6140625 0.62578125 0.0765625 0.25390625
4 0.66875 0.7953125 0.0921875 0.3203125
4 0.34453125 0.67578125 0.15390625 0.309375
4 0.24609375 0.73125 0.10390625 0.33515625
4 0.1203125 0.61953125 0.11171875 0.2015625
4 0.1703125 0.45078125 0.071875 0.17734375
4 0.109375 0.36015625 0.1015625 0.2640625
4 0.2984375 0.209375 0.13671875 0.22578125
4 0.28984375 0.115625 0.1296875 0.1453125
4 0.18671875 0.146875 0.11015625 0.22578125
