4 0.58515625 0.684375 0.16484375 0.4609375
4 0.72421875 0.82578125 0.171875 0.33671875
4 0.5109375 0.39921875 0.14296875 0.38203125
4 0.39140625 0.38046875 0.13515625 0.31328125
4 0.3265625 0.1515625 0.16640625 0.2484375
4 0.2234375 0.28515625 0.17421875 0.30078125
4 0.08671875 0.28359375 0.1109375 0.14609375
4 0.09140625 0.4703125 0.125 0.2828125
4 0.12109375 0.66171875 0.121875 0.40234375
4 0.2390625 0.6125 0.13359375 0.42890625
4 0.321875 0.71640625 0.16171875 0.4578125
4 0.39453125 0.60703125 0.15546875 0.51171875
