6 0.034375 0.66640625 0.03671875 0.0375
6 0.06875 0.64453125 0.03203125 0.03515625
6 0.1046875 0.62421875 0.03125 0.034375
6 0.12578125 0.66171875 0.03671875 0.0390625
6 0.165625 0.6421875 0.034375 0.03671875
6 0.1984375 0.60546875 0.03046875 0.034375
6 0.21484375 0.65703125 0.034375 0.034375
6 0.25 0.6234375 0.0328125 0.03515625
6 0.2828125 0.61328125 0.03515625 0.034375
6 0.3046875 0.64765625 0.03671875 0.03984375
6 0.34375 0.62578125 0.03203125 0.034375
6 0.38046875 0.6109375 0.03984375 0.03671875
6 0.44296875 0.64609375 0.040625 0.040625
